# This file may be used to create an environment using:
# $ conda create --name <env> --file <this file>
# platform: win-64
_openmp_mutex=4.5=2_gnu
blinker=1.8.2=pyhd8ed1ab_0
brotli-python=1.1.0=py312h275cf98_2
bzip2=1.0.8=h2466b09_7
ca-certificates=2024.8.30=h56e8100_0
certifi=2024.8.30=pyhd8ed1ab_0
cffi=1.17.1=py312h4389bb4_0
charset-normalizer=3.3.2=pyhd8ed1ab_0
click=8.1.7=win_pyh7428d3b_0
colorama=0.4.6=pyhd8ed1ab_0
dash=2.18.1=pyhd8ed1ab_0
dash-bootstrap-components=1.6.0=pypi_0
dash-core-components=2.0.0=pypi_0
dash-html-components=2.0.0=pypi_0
dash-table=5.0.0=pypi_0
flask=3.0.3=pyhd8ed1ab_0
h2=4.1.0=pyhd8ed1ab_0
hpack=4.0.0=pyh9f0ad1d_0
hyperframe=6.0.1=pyhd8ed1ab_0
idna=3.10=pyhd8ed1ab_0
importlib-metadata=8.5.0=pyha770c72_0
itsdangerous=2.2.0=pyhd8ed1ab_0
jinja2=3.1.4=pyhd8ed1ab_0
libexpat=2.6.3=he0c23c2_0
libffi=3.4.2=h8ffe710_5
libgcc=14.1.0=h1383e82_1
libgomp=14.1.0=h1383e82_1
libsqlite=3.46.1=h2466b09_0
libwinpthread=12.0.0.r4.gg4f2fc60ca=h57928b3_8
libxcb=1.17.0=h0e4246c_0
libzlib=1.3.1=h2466b09_1
markupsafe=2.1.5=py312h4389bb4_1
nest-asyncio=1.6.0=pyhd8ed1ab_0
numpy=2.1.1=pypi_0
openssl=3.3.2=h2466b09_0
packaging=24.1=pyhd8ed1ab_0
pandas=2.2.3=pypi_0
pip=24.2=pyh8b19718_1
plotly=5.24.1=pyhd8ed1ab_0
pthread-stubs=0.4=h0e40799_1002
pycparser=2.22=pyhd8ed1ab_0
pysocks=1.7.1=pyh0701188_6
python=3.12.6=hce54a09_1_cpython
python-dateutil=2.9.0.post0=pypi_0
python_abi=3.12=5_cp312
pytz=2024.2=pypi_0
requests=2.32.3=pyhd8ed1ab_0
retrying=1.3.3=pyhd8ed1ab_3
setuptools=75.1.0=pyhd8ed1ab_0
six=1.16.0=pyh6c4a22f_0
tenacity=9.0.0=pyhd8ed1ab_0
tk=8.6.13=h5226925_1
typing-extensions=4.12.2=hd8ed1ab_0
typing_extensions=4.12.2=pyha770c72_0
tzdata=2024.2=pypi_0
ucrt=10.0.22621.0=h57928b3_0
urllib3=2.2.3=pyhd8ed1ab_0
vc=14.3=h8a93ad2_21
vc14_runtime=14.40.33810=ha82c5b3_21
vs2015_runtime=14.40.33810=h3bf8584_21
werkzeug=3.0.4=pyhd8ed1ab_0
wheel=0.44.0=pyhd8ed1ab_0
win_inet_pton=1.1.0=pyhd8ed1ab_6
xorg-libx11=1.8.10=hf48077a_0
xorg-libxau=1.0.11=h0e40799_1
xorg-libxdmcp=1.1.3=h0e40799_2
xorg-xorgproto=2024.1=h0e40799_1
xz=5.2.6=h8d14728_0
zipp=3.20.2=pyhd8ed1ab_0
zstandard=0.23.0=py312h7606c53_1
zstd=1.5.6=h0ea2cb4_0
